984969 12014799.954768423 12014799.954793910 2
984973 12014799.954802406 12014799.954806394 2
984969 12014799.954814218 12014799.954817394 2
984973 12014799.954826331 12014799.954828615 2
984969 12014799.954835879 12014799.954838223 2
984973 12014799.954845718 12014799.954847972 2
984969 12014799.954857089 12014799.954859313 2
984973 12014799.954864593 12014799.954867088 2
984969 12014799.954879761 12014799.954882016 2
984973 12014799.954884590 12014799.954886775 2
984969 12014799.954900100 12014799.954902404 2
984973 12014799.954903025 12014799.954905319 2
984969 12014799.954920638 12014799.954923002 2
984973 12014799.954921389 12014799.954924545 0
984969 12014799.954938441 12014799.954940465 2
984969 12014799.954952658 12014799.954954351 2
984973 12014799.954924545 12014799.954983095 1
984973 12014799.954984588 12014799.954985540 2
984973 12014799.955005778 12014799.955007471 2
984973 12014799.955026416 12014799.955028100 2
984972 12014799.955647331 12014799.955655807 2
984971 12014799.955653092 12014799.955662549 2
984972 12014799.955684400 12014799.955689430 2
984971 12014799.955697425 12014799.955703366 2
984972 12014799.955713675 12014799.955718224 2
984971 12014799.955729796 12014799.955734324 2
984972 12014799.955743822 12014799.955748431 2
984971 12014799.955760884 12014799.955765162 2
984972 12014799.955774259 12014799.955778797 2
984971 12014799.955790660 12014799.955795148 2
984972 12014799.955802933 12014799.955807632 2
984971 12014799.955820606 12014799.955824934 2
984972 12014799.955833390 12014799.955837918 2
984971 12014799.955850342 12014799.955854770 2
984972 12014799.955862454 12014799.955867033 2
984971 12014799.955879586 12014799.955883875 2
984972 12014799.955892571 12014799.955897039 2
984971 12014799.955908561 12014799.955912969 2
984973 12014799.955968072 12014799.955971829 2
984969 12014799.955970697 12014799.955973683 2
984973 12014799.955972521 12014799.955976518 2
984969 12014799.955974394 12014799.955978332 2
984971 12014799.955973052 12014799.955978873 2
984972 12014799.955974274 12014799.955979113 0
984973 12014799.955977280 12014799.955982910 0
984969 12014799.955978983 12014799.955983211 2
984971 12014799.955980225 12014799.955987168 2
984969 12014799.955983902 12014799.955987198 2
984969 12014799.955987669 12014799.955989943 2
984971 12014799.955988481 12014799.955995824 2
984971 12014799.955996856 12014799.956000133 2
984971 12014799.956000994 12014799.956004300 2
984973 12014799.955982910 12014799.956038434 1
984972 12014799.955979113 12014799.956038625 1
984973 12014799.956041430 12014799.956042873 2
984972 12014799.956041510 12014799.956044115 2
984973 12014799.956043825 12014799.956046980 2
984973 12014799.956047822 12014799.956051048 2
984972 12014799.956045247 12014799.956051168 2
984969 12014799.955990555 12014799.956058682 2
984972 12014799.956052290 12014799.956058963 2
984969 12014799.956059414 12014799.956062770 2
984972 12014799.956059975 12014799.956063652 2
984972 12014799.956064654 12014799.956068310 2
984969 12014799.956063531 12014799.956068481 2
984969 12014799.956069342 12014799.956072558 2
984969 12014799.956073240 12014799.956075514 2
984969 12014799.956076135 12014799.956078630 2
984969 12014799.956079251 12014799.956082397 2
984969 12014799.956083038 12014799.956085192 2
984969 12014799.956085773 12014799.956087887 2
984971 12014799.956005182 12014799.956113515 2
984971 12014799.956114617 12014799.956119356 2
984973 12014799.956051930 12014799.956125888 2
984971 12014799.956120228 12014799.956127592 2
984973 12014799.956126980 12014799.956130848 2
984971 12014799.956128804 12014799.956133883 2
984973 12014799.956131529 12014799.956136849 2
984971 12014799.956134935 12014799.956139374 2
984973 12014799.956137981 12014799.956141508 2
984971 12014799.956140486 12014799.956145545 2
984973 12014799.956142449 12014799.956145996 2
984973 12014799.956147008 12014799.956150094 2
984971 12014799.956146748 12014799.956152649 2
984973 12014799.956151026 12014799.956154923 2
984971 12014799.956153771 12014799.956158149 2
984973 12014799.956156085 12014799.956159702 0
984969 12014799.956088528 12014799.956163068 2
984971 12014799.956159361 12014799.956163810 2
984972 12014799.956069292 12014799.956164691 2
984969 12014799.956163890 12014799.956166775 2
984969 12014799.956167256 12014799.956170903 2
984972 12014799.956165984 12014799.956171394 2
984969 12014799.956171454 12014799.956173578 2
984969 12014799.956174039 12014799.956175782 2
984969 12014799.956176203 12014799.956178347 2
984972 12014799.956172426 12014799.956180501 2
984969 12014799.956178788 12014799.956181312 2
984969 12014799.956181853 12014799.956183496 2
984969 12014799.956183987 12014799.956185741 2
984972 12014799.956181513 12014799.956185971 2
984972 12014799.956186983 12014799.956190820 2
984972 12014799.956191762 12014799.956195830 2
984972 12014799.956196801 12014799.956201791 2
984972 12014799.956202733 12014799.956206199 2
984972 12014799.956207131 12014799.956210567 2
984973 12014799.956159702 12014799.956214555 1
984973 12014799.956215486 12014799.956216779 2
984973 12014799.956217480 12014799.956219795 2
984969 12014799.956186181 12014799.956250011 2
984969 12014799.956250662 12014799.956253478 2
984969 12014799.956254119 12014799.956258397 2
984969 12014799.956259178 12014799.956261793 2
984969 12014799.956262414 12014799.956264859 2
984969 12014799.956265500 12014799.956268025 2
984971 12014799.956165032 12014799.956270369 2
984969 12014799.956268837 12014799.956272574 2
984971 12014799.956271481 12014799.956276671 2
984969 12014799.956273505 12014799.956276862 2
984969 12014799.956277823 12014799.956280659 2
984971 12014799.956278104 12014799.956287772 2
984973 12014799.956220426 12014799.956292801 2
984971 12014799.956288874 12014799.956293763 2
984973 12014799.956293793 12014799.956297851 2
984971 12014799.956294895 12014799.956299294 2
984973 12014799.956298783 12014799.956304093 2
984971 12014799.956300406 12014799.956305615 2
984973 12014799.956305145 12014799.956309102 2
984971 12014799.956306768 12014799.956312538 2
984973 12014799.956309843 12014799.956313150 2
984971 12014799.956313751 12014799.956318189 2
984973 12014799.956314091 12014799.956318259 2
984972 12014799.956211519 12014799.956319121 2
984973 12014799.956318940 12014799.956322547 2
984971 12014799.956319381 12014799.956323749 2
984972 12014799.956320353 12014799.956325723 2
984973 12014799.956323329 12014799.956326585 2
984973 12014799.956327286 12014799.956329590 2
984972 12014799.956326865 12014799.956334109 2
984972 12014799.956335151 12014799.956339269 2
984972 12014799.956340220 12014799.956343917 2
984972 12014799.956344839 12014799.956348897 2
984969 12014799.956281500 12014799.956354187 2
984972 12014799.956349828 12014799.956354968 2
984969 12014799.956354958 12014799.956357984 2
984972 12014799.956355950 12014799.956359517 2
984969 12014799.956358725 12014799.956363634 2
984972 12014799.956360488 12014799.956364155 2
984969 12014799.956364456 12014799.956367231 2
984969 12014799.956367952 12014799.956370187 2
984969 12014799.956370828 12014799.956373433 2
984969 12014799.956374054 12014799.956377130 2
984969 12014799.956377771 12014799.956379935 2
984969 12014799.956380556 12014799.956382710 2
984973 12014799.956330262 12014799.956402928 2
984973 12014799.956403599 12014799.956406054 2
984973 12014799.956406665 12014799.956411594 2
984973 12014799.956412255 12014799.956414640 2
984973 12014799.956415291 12014799.956417846 2
984973 12014799.956418487 12014799.956421423 2
984973 12014799.956421994 12014799.956424238 2
984973 12014799.956424869 12014799.956427113 2
984971 12014799.956324862 12014799.956429007 2
984971 12014799.956430119 12014799.956434878 2
984971 12014799.956435740 12014799.956442342 2
984971 12014799.956443304 12014799.956447391 2
984971 12014799.956448243 12014799.956451559 2
984969 12014799.956383361 12014799.956454845 2
984971 12014799.956452401 12014799.956456789 2
984969 12014799.956455807 12014799.956459775 2
984971 12014799.956457891 12014799.956463151 2
984971 12014799.956464163 12014799.956467619 2
984969 12014799.956460606 12014799.956468000 2
984971 12014799.956468661 12014799.956472959 2
984969 12014799.956469152 12014799.956473150 2
984972 12014799.956365137 12014799.956474973 2
984969 12014799.956474041 12014799.956477067 2
984969 12014799.956477758 12014799.956480854 2
984972 12014799.956476115 12014799.956480864 2
984969 12014799.956481495 12014799.956484792 2
984972 12014799.956481846 12014799.956485653 0
984969 12014799.956485613 12014799.956488048 2
984969 12014799.956488709 12014799.956490963 2
984973 12014799.956427845 12014799.956497245 2
984973 12014799.956497916 12014799.956500852 2
984973 12014799.956501483 12014799.956505651 2
984973 12014799.956506282 12014799.956508867 2
984973 12014799.956509528 12014799.956511962 2
984973 12014799.956512584 12014799.956514818 2
984973 12014799.956515459 12014799.956517623 2
984973 12014799.956518244 12014799.956538512 2
984973 12014799.956539153 12014799.956541338 2
984972 12014799.956485653 12014799.956542850 1
984973 12014799.956541979 12014799.956544213 2
984973 12014799.956544904 12014799.956547239 2
984973 12014799.956547840 12014799.956550144 0
984972 12014799.956549493 12014799.956551877 2
984972 12014799.956552999 12014799.956557137 2
984969 12014799.956491654 12014799.956558400 2
984969 12014799.956558890 12014799.956561245 2
984972 12014799.956558199 12014799.956562117 2
984969 12014799.956561736 12014799.956565082 2
984972 12014799.956563078 12014799.956566906 2
984969 12014799.956565683 12014799.956567777 2
984969 12014799.956568318 12014799.956570051 2
984972 12014799.956567907 12014799.956571624 2
984969 12014799.956570552 12014799.956572446 2
984969 12014799.956572947 12014799.956575091 2
984971 12014799.956474372 12014799.956575772 2
984971 12014799.956576884 12014799.956581884 2
984969 12014799.956575702 12014799.956591321 2
984971 12014799.956582735 12014799.956591492 2
984969 12014799.956591922 12014799.956594086 2
984969 12014799.956594688 12014799.956597292 2
984971 12014799.956592794 12014799.956597964 2
984969 12014799.956597803 12014799.956600358 2
984971 12014799.956599086 12014799.956603604 2
984969 12014799.956600969 12014799.956604386 2
984973 12014799.956550144 12014799.956605157 1
984972 12014799.956572606 12014799.956606199 2
984973 12014799.956606540 12014799.956607742 2
984969 12014799.956605378 12014799.956608043 2
984971 12014799.956604917 12014799.956609786 2
984972 12014799.956607221 12014799.956611309 2
984973 12014799.956608504 12014799.956611499 2
984972 12014799.956612541 12014799.956616829 2
984971 12014799.956610998 12014799.956617150 2
984972 12014799.956617981 12014799.956622850 2
984971 12014799.956618372 12014799.956622951 2
984971 12014799.956624453 12014799.956628501 2
984972 12014799.956624263 12014799.956629663 2
984969 12014799.956608744 12014799.956630675 2
984973 12014799.956612471 12014799.956631937 2
984969 12014799.956631406 12014799.956633611 2
984973 12014799.956632579 12014799.956634783 2
984969 12014799.956634212 12014799.956636616 2
984972 12014799.956630906 12014799.956637358 2
984973 12014799.956635374 12014799.956637468 0
984969 12014799.956637237 12014799.956640003 2
984972 12014799.956638339 12014799.956642056 2
984969 12014799.956640724 12014799.956642688 2
984969 12014799.956643169 12014799.956644882 2
984972 12014799.956643078 12014799.956646385 0
984969 12014799.956645353 12014799.956659379 2
984969 12014799.956659820 12014799.956661363 2
984969 12014799.956661773 12014799.956663306 2
984969 12014799.956663737 12014799.956665440 2
984969 12014799.956665851 12014799.956667775 2
984969 12014799.956668195 12014799.956670380 2
984969 12014799.956670790 12014799.956672333 2
984969 12014799.956672744 12014799.956674317 2
984973 12014799.956637468 12014799.956691710 1
984973 12014799.956692611 12014799.956693803 2
984973 12014799.956694445 12014799.956696929 2
984973 12014799.956697591 12014799.956699975 2
984973 12014799.956700596 12014799.956702790 2
984972 12014799.956646385 12014799.956703051 1
984972 12014799.956704514 12014799.956706658 2
984971 12014799.956629643 12014799.956724782 2
984973 12014799.956703472 12014799.956725082 2
984973 12014799.956726365 12014799.956728919 2
984971 12014799.956726284 12014799.956731665 2
984973 12014799.956729761 12014799.956732767 2
984973 12014799.956733688 12014799.956736514 2
984969 12014799.956674768 12014799.956737405 2
984973 12014799.956737115 12014799.956740000 2
984971 12014799.956732857 12014799.956740231 2
984969 12014799.956738217 12014799.956741643 2
984973 12014799.956740711 12014799.956743587 2
984971 12014799.956741503 12014799.956746432 2
984969 12014799.956742535 12014799.956750460 2
984971 12014799.956747554 12014799.956751762 2
984969 12014799.956751422 12014799.956755409 2
984971 12014799.956752904 12014799.956757884 2
984969 12014799.956756451 12014799.956759567 2
984969 12014799.956760489 12014799.956763675 2
984973 12014799.956744418 12014799.956764476 2
984971 12014799.956759086 12014799.956764737 2
984969 12014799.956764286 12014799.956766630 2
984973 12014799.956765177 12014799.956767802 2
984971 12014799.956765949 12014799.956770147 2
984973 12014799.956768604 12014799.956771660 2
984971 12014799.956771389 12014799.956775727 2
984973 12014799.956772581 12014799.956776068 2
984973 12014799.956777080 12014799.956780145 2
984973 12014799.956780787 12014799.956784003 2
984973 12014799.956784614 12014799.956786838 2
984969 12014799.956767442 12014799.956788441 2
984973 12014799.956787459 12014799.956789653 2
984969 12014799.956789072 12014799.956791186 2
984969 12014799.956791777 12014799.956793911 2
984969 12014799.956794522 12014799.956796827 2
984969 12014799.956797458 12014799.956800083 2
984969 12014799.956800724 12014799.956803770 2
984969 12014799.956804401 12014799.956806505 2
984969 12014799.956807136 12014799.956809290 2
984972 12014799.956707639 12014799.956821042 2
984972 12014799.956822024 12014799.956826783 2
984972 12014799.956827745 12014799.956834427 2
984972 12014799.956835469 12014799.956839527 2
984972 12014799.956840469 12014799.956844105 2
984972 12014799.956845017 12014799.956850588 2
984972 12014799.956851539 12014799.956856799 2
984973 12014799.956790274 12014799.956859685 2
984972 12014799.956857741 12014799.956862029 2
984973 12014799.956860456 12014799.956863482 2
984972 12014799.956863011 12014799.956866608 2
984973 12014799.956864203 12014799.956870625 2
984973 12014799.956871387 12014799.956874021 2
984973 12014799.956874673 12014799.956877258 2
984973 12014799.956877879 12014799.956881746 2
984973 12014799.956882407 12014799.956886515 2
984971 12014799.956776929 12014799.956889050 2
984969 12014799.956809931 12014799.956889721 2
984973 12014799.956887387 12014799.956890322 2
984973 12014799.956891013 12014799.956893598 2
984969 12014799.956890633 12014799.956894039 2
984971 12014799.956890252 12014799.956895522 2
984972 12014799.956867579 12014799.956900301 2
984969 12014799.956894780 12014799.956901964 2
984972 12014799.956901343 12014799.956905020 2
984969 12014799.956902755 12014799.956905320 2
984971 12014799.956896644 12014799.956908987 2
984969 12014799.956906162 12014799.956909698 2
984972 12014799.956906001 12014799.956910129 2
984972 12014799.956911171 12014799.956915549 0
984969 12014799.956910610 12014799.956915890 2
984971 12014799.956910289 12014799.956916301 2
984973 12014799.956894279 12014799.956919006 2
984969 12014799.956916852 12014799.956920228 2
984971 12014799.956917603 12014799.956922172 2
984973 12014799.956920108 12014799.956922863 2
984969 12014799.956920829 12014799.956923434 2
984973 12014799.956923755 12014799.956926229 2
984969 12014799.956924125 12014799.956926450 2
984971 12014799.956923364 12014799.956929836 2
984973 12014799.956926851 12014799.956930057 2
984973 12014799.956931309 12014799.956936869 2
984971 12014799.956931129 12014799.956937140 2
984973 12014799.956937691 12014799.956941919 2
984971 12014799.956938352 12014799.956943432 2
984969 12014799.956927211 12014799.956946437 2
984973 12014799.956942941 12014799.956946487 2
984971 12014799.956944564 12014799.956948802 2
984973 12014799.956947479 12014799.956950465 2
984969 12014799.956947449 12014799.956950475 2
984969 12014799.956951447 12014799.956954001 2
984969 12014799.956954623 12014799.956957017 2
984969 12014799.956957628 12014799.956961185 2
984969 12014799.956961816 12014799.956964802 2
984969 12014799.956965393 12014799.956967757 2
984969 12014799.956968378 12014799.956970422 2
984972 12014799.956915549 12014799.956972697 1
984972 12014799.956974440 12014799.956976554 2
984973 12014799.956951437 12014799.956978477 2
984973 12014799.956979229 12014799.956981553 2
984972 12014799.956977546 12014799.956983056 2
984973 12014799.956982244 12014799.956984899 2
984973 12014799.956985591 12014799.956988236 2
984969 12014799.956971134 12014799.956989799 2
984971 12014799.956949984 12014799.956991432 2
984973 12014799.956988867 12014799.956993035 2
984969 12014799.956990630 12014799.956993225 2
984972 12014799.956984058 12014799.956994327 2
984971 12014799.956992724 12014799.956997263 2
984969 12014799.956994057 12014799.956997914 2
984973 12014799.956994037 12014799.956998315 2
984972 12014799.956995539 12014799.957001320 2
984971 12014799.956998605 12014799.957002923 2
984973 12014799.956999116 12014799.957003354 2
984969 12014799.956998906 12014799.957003374 2
984972 12014799.957002472 12014799.957007031 2
984973 12014799.957004646 12014799.957007662 0
984971 12014799.957004186 12014799.957009075 2
984969 12014799.957004666 12014799.957009496 2
984969 12014799.957010718 12014799.957016769 2
984971 12014799.957010407 12014799.957017591 2
984969 12014799.957017310 12014799.957020556 2
984969 12014799.957021278 12014799.957023342 2
984971 12014799.957018733 12014799.957029363 2
984971 12014799.957030385 12014799.957034032 2
984971 12014799.957034893 12014799.957038259 2
984969 12014799.957023873 12014799.957039382 2
984969 12014799.957040083 12014799.957042217 2
984972 12014799.957008193 12014799.957043089 2
984969 12014799.957042668 12014799.957044311 2
984969 12014799.957044792 12014799.957047016 2
984972 12014799.957044100 12014799.957047888 2
984969 12014799.957047427 12014799.957050703 2
984972 12014799.957048869 12014799.957052496 2
984972 12014799.957053468 12014799.957057516 2
984969 12014799.957051184 12014799.957058608 2
984969 12014799.957059089 12014799.957061744 2
984973 12014799.957007662 12014799.957062826 1
984972 12014799.957058477 12014799.957064278 2
984973 12014799.957007662 12014799.957064699 0
984969 12014799.957062435 12014799.957064980 2
984971 12014799.957039201 12014799.957074838 2
984971 12014799.957075860 12014799.957079146 2
984971 12014799.957080008 12014799.957083204 2
984969 12014799.957065671 12014799.957084616 2
984972 12014799.957065290 12014799.957086680 2
984969 12014799.957085308 12014799.957087492 2
984971 12014799.957084426 12014799.957089265 2
984969 12014799.957088343 12014799.957090958 2
984972 12014799.957087752 12014799.957093052 2
984969 12014799.957091590 12014799.957093904 0
984971 12014799.957090578 12014799.957094926 2
984972 12014799.957094054 12014799.957098813 2
984971 12014799.957096048 12014799.957101999 2
984971 12014799.957103131 12014799.957108171 2
984971 12014799.957109062 12014799.957112789 2
984971 12014799.957113641 12014799.957116917 2
984973 12014799.957064699 12014799.957118710 1
984973 12014799.957119913 12014799.957121085 2
984972 12014799.957100126 12014799.957132496 2
984973 12014799.957121686 12014799.957137005 2
984972 12014799.957133478 12014799.957137045 2
984973 12014799.957137476 12014799.957139169 2
984973 12014799.957139680 12014799.957141513 2
984972 12014799.957138027 12014799.957141774 2
984973 12014799.957141954 12014799.957143958 2
984972 12014799.957142765 12014799.957147044 2
984973 12014799.957144419 12014799.957148657 2
984969 12014799.957093904 12014799.957148667 1
984971 12014799.957117769 12014799.957148987 2
984969 12014799.957149829 12014799.957151362 2
984973 12014799.957149448 12014799.957153155 2
984972 12014799.957148025 12014799.957154367 2
984971 12014799.957150169 12014799.957155359 0
984969 12014799.957152303 12014799.957156411 2
984973 12014799.957153836 12014799.957156631 2
984973 12014799.957157233 12014799.957159697 2
984972 12014799.957155499 12014799.957160569 2
984969 12014799.957157152 12014799.957160579 2
984969 12014799.957161190 12014799.957164416 2
984972 12014799.957161561 12014799.957165789 2
984969 12014799.957165127 12014799.957167402 2
984972 12014799.957166801 12014799.957170407 2
984973 12014799.957160328 12014799.957180576 2
984973 12014799.957181318 12014799.957183522 2
984973 12014799.957184183 12014799.957186357 2
984973 12014799.957186998 12014799.957189293 2
984973 12014799.957189994 12014799.957193260 2
984973 12014799.957193891 12014799.957196887 2
984973 12014799.957197508 12014799.957199853 2
984973 12014799.957200494 12014799.957202848 2
984972 12014799.957171349 12014799.957203499 2
984972 12014799.957204501 12014799.957208048 2
984972 12014799.957209000 12014799.957212456 2
984971 12014799.957155359 12014799.957215191 1
984972 12014799.957213839 12014799.957218197 2
984971 12014799.957217496 12014799.957219570 2
984971 12014799.957220792 12014799.957225230 2
984972 12014799.957219419 12014799.957225471 2
984973 12014799.957203549 12014799.957225881 2
984973 12014799.957226763 12014799.957229458 2
984971 12014799.957226372 12014799.957231111 2
984973 12014799.957230270 12014799.957233135 2
984972 12014799.957226743 12014799.957235890 2
984973 12014799.957234007 12014799.957236702 2
984969 12014799.957168113 12014799.957238245 2
984971 12014799.957232233 12014799.957239086 2
984973 12014799.957237373 12014799.957241431 2
984972 12014799.957237002 12014799.957241591 2
984969 12014799.957238886 12014799.957242472 2
984973 12014799.957242232 12014799.957245238 2
984969 12014799.957243184 12014799.957251730 2
984973 12014799.957251940 12014799.957254545 2
984969 12014799.957252481 12014799.957255046 2
984972 12014799.957242583 12014799.957255126 2
984971 12014799.957240298 12014799.957257290 2
984973 12014799.957255347 12014799.957258563 2
984969 12014799.957255667 12014799.957258593 2
984971 12014799.957258523 12014799.957263582 2
984969 12014799.957259514 12014799.957264574 2
984971 12014799.957264794 12014799.957268922 2
984969 12014799.957265506 12014799.957271617 2
984969 12014799.957272619 12014799.957275685 2
984969 12014799.957276336 12014799.957278610 2
984973 12014799.957259504 12014799.957280313 2
984973 12014799.957280955 12014799.957283169 2
984973 12014799.957283800 12014799.957286004 2
984973 12014799.957286655 12014799.957289551 2
984972 12014799.957256238 12014799.957290012 2
984973 12014799.957290232 12014799.957293158 2
984972 12014799.957291004 12014799.957294680 2
984973 12014799.957293899 12014799.957299099 2
984972 12014799.957295682 12014799.957299229 2
984969 12014799.957279251 12014799.957299229 2
984971 12014799.957270265 12014799.957302475 2
984969 12014799.957300311 12014799.957302665 2
984973 12014799.957299750 12014799.957302695 2
984972 12014799.957300411 12014799.957304649 2
984969 12014799.957303858 12014799.957306533 2
984973 12014799.957304178 12014799.957306693 2
984971 12014799.957304028 12014799.957308446 2
984969 12014799.957307394 12014799.957310430 2
984972 12014799.957305721 12014799.957311482 2
984971 12014799.957309729 12014799.957313906 2
984969 12014799.957311362 12014799.957315439 2
984972 12014799.957312634 12014799.957316972 0
984971 12014799.957315219 12014799.957319307 2
984969 12014799.957316371 12014799.957320459 2
984969 12014799.957321190 12014799.957323855 2
984969 12014799.957324486 12014799.957326991 2
984969 12014799.957327592 12014799.957347910 2
984969 12014799.957348551 12014799.957350736 2
984969 12014799.957351367 12014799.957353521 2
984969 12014799.957354172 12014799.957356356 2
984972 12014799.957316972 12014799.957374360 1
984972 12014799.957378067 12014799.957380061 2
984972 12014799.957381022 12014799.957386543 2
984972 12014799.957387494 12014799.957391121 2
984972 12014799.957392063 12014799.957489095 2
984972 12014799.957490067 12014799.957494736 2
984973 12014799.957307535 12014799.957496158 2
984973 12014799.957496669 12014799.957501639 2
984972 12014799.957495717 12014799.957502250 2
984972 12014799.957503292 12014799.957507119 2
984973 12014799.957502069 12014799.957509573 2
984972 12014799.957508071 12014799.957511888 2
984973 12014799.957510515 12014799.957512198 0
984972 12014799.957512890 12014799.957517588 2
984972 12014799.957518550 12014799.957523199 2
984972 12014799.957524141 12014799.957527938 2
984972 12014799.957528890 12014799.957532366 2
984972 12014799.957533298 12014799.957562292 2
984973 12014799.957512198 12014799.957566119 1
984972 12014799.957563244 12014799.957566721 2
984973 12014799.957566921 12014799.957567843 2
984973 12014799.957568354 12014799.957570127 2
984972 12014799.957567712 12014799.957571309 2
984973 12014799.957570628 12014799.957572952 2
984973 12014799.957573433 12014799.957575778 2
984972 12014799.957572291 12014799.957575898 2
984973 12014799.957576218 12014799.957578352 2
984973 12014799.957578763 12014799.957580336 2
984973 12014799.957580797 12014799.957623567 2
984973 12014799.957623998 12014799.957626112 2
984973 12014799.957626543 12014799.957630540 2
984973 12014799.957631011 12014799.957632654 2
984973 12014799.957633075 12014799.957634678 2
984973 12014799.957635359 12014799.957637583 2
984973 12014799.957638004 12014799.957641240 2
984973 12014799.957641661 12014799.957643434 2
984973 12014799.957643855 12014799.957645398 2
984973 12014799.957645819 12014799.957659124 2
984973 12014799.957659545 12014799.957661098 2
984973 12014799.957661518 12014799.957663081 2
984973 12014799.957663502 12014799.957665035 2
